       0.000000         0.000000         0.000000  
       0.001488         0.737534         0.675308  
      -0.000389        -0.002813         0.999996  
      -0.851224         0.307364        -0.425377  
      -0.002313        -0.872461         0.488679  
      -0.000503        -0.001966         0.999998  
      -0.845067         0.282715        -0.453800  
      -0.002009        -0.852364         0.522945  
       0.403378         0.478671         0.779846  
      -0.845642         0.282601        -0.452799  
      -0.001766        -0.002139         0.999996  
      -0.348356        -0.924873         0.152509  
      -0.776623         0.298567        -0.554720  
      -0.672500         0.003220        -0.740090  
      -0.228675         0.833809        -0.502464  
      -0.578632         0.001499        -0.815588  
       0.615468        -0.555430        -0.559193  
       0.543290         0.800528         0.252962  
      -0.579015         0.004236        -0.815306  
       0.561039         0.827778         0.004389  
       0.592766        -0.534780        -0.602196  
      -0.578214         0.003044        -0.815879  
       0.850578         0.525833         0.004129  
      -0.464305        -0.752656         0.466828  
       0.999996         0.000772         0.002776  
      -0.922293         0.386491        -0.000842  
       0.168880         0.985617         0.006167  
